Unnormalized
N = 3
Accuracy
0.386740331492
HMM_learning.py:145: RuntimeWarning: invalid value encountered in double_scalars
  precision.append(confusion[i,i] / float(sum(confusion[i,:])))
Precision: [0.26666666666666666, 0.30232558139534882, 1.0, 0.29090909090909089, 1.0, nan, 1.0, 0.36363636363636365, 0.68421052631578949, 1.0]
Recall: [0.42105263157894735, 0.72222222222222221, 0.055555555555555552, 0.88888888888888884, 0.33333333333333331, 0.0, 0.1111111111111111, 0.44444444444444442, 0.72222222222222221, 0.16666666666666666]
[[  8.   0.   0.   1.   5.   0.   6.   0.   1.   9.]
 [  0.  13.  12.   0.   0.  10.   0.   8.   0.   0.]
 [  0.   0.   1.   0.   0.   0.   0.   0.   0.   0.]
 [ 10.   1.   3.  16.   3.   1.  10.   2.   4.   5.]
 [  0.   0.   0.   0.   6.   0.   0.   0.   0.   0.]
 [  0.   0.   0.   0.   0.   0.   0.   0.   0.   0.]
 [  0.   0.   0.   0.   0.   0.   2.   0.   0.   0.]
 [  0.   4.   2.   1.   0.   7.   0.   8.   0.   0.]
 [  1.   0.   0.   0.   4.   0.   0.   0.  13.   1.]
 [  0.   0.   0.   0.   0.   0.   0.   0.   0.   3.]]

N = 4
Accuracy
0.414364640884
Precision: [0.29999999999999999, 0.31481481481481483, 1.0, 0.2982456140350877, 1.0, 1.0, nan, 0.77777777777777779, 0.66666666666666663, 1.0]
Recall: [0.47368421052631576, 0.94444444444444442, 0.055555555555555552, 0.94444444444444442, 0.33333333333333331, 0.1111111111111111, 0.0, 0.3888888888888889, 0.66666666666666663, 0.22222222222222221]
[[  9.   0.   0.   1.   5.   0.   7.   0.   1.   7.]
 [  0.  17.  14.   0.   0.  13.   0.  10.   0.   0.]
 [  0.   0.   1.   0.   0.   0.   0.   0.   0.   0.]
 [  8.   1.   3.  17.   4.   1.  11.   1.   5.   6.]
 [  0.   0.   0.   0.   6.   0.   0.   0.   0.   0.]
 [  0.   0.   0.   0.   0.   2.   0.   0.   0.   0.]
 [  0.   0.   0.   0.   0.   0.   0.   0.   0.   0.]
 [  0.   0.   0.   0.   0.   2.   0.   7.   0.   0.]
 [  2.   0.   0.   0.   3.   0.   0.   0.  12.   1.]
 [  0.   0.   0.   0.   0.   0.   0.   0.   0.   4.]]

N = 5
Accuracy
0.397790055249
Precision: [0.36666666666666664, 0.28000000000000003, nan, 0.32692307692307693, 1.0, nan, 1.0, 0.40000000000000002, 0.56521739130434778, 1.0]
Recall: [0.57894736842105265, 0.77777777777777779, 0.0, 0.94444444444444442, 0.16666666666666666, 0.0, 0.16666666666666666, 0.33333333333333331, 0.72222222222222221, 0.27777777777777779]
[[ 11.   0.   0.   1.   6.   0.   5.   0.   1.   6.]
 [  0.  14.  14.   0.   0.  12.   0.  10.   0.   0.]
 [  0.   0.   0.   0.   0.   0.   0.   0.   0.   0.]
 [  6.   1.   3.  17.   2.   1.  10.   2.   4.   6.]
 [  0.   0.   0.   0.   3.   0.   0.   0.   0.   0.]
 [  0.   0.   0.   0.   0.   0.   0.   0.   0.   0.]
 [  0.   0.   0.   0.   0.   0.   3.   0.   0.   0.]
 [  0.   3.   1.   0.   0.   5.   0.   6.   0.   0.]
 [  2.   0.   0.   0.   7.   0.   0.   0.  13.   1.]
 [  0.   0.   0.   0.   0.   0.   0.   0.   0.   5.]]

N = 6
Accuracy
0.375690607735
Precision: [0.27777777777777779, 0.29090909090909089, nan, 0.31372549019607843, 1.0, nan, 1.0, 0.5, 0.59999999999999998, 1.0]
Recall: [0.52631578947368418, 0.88888888888888884, 0.0, 0.88888888888888884, 0.16666666666666666, 0.0, 0.1111111111111111, 0.27777777777777779, 0.66666666666666663, 0.22222222222222221]
[[ 10.   0.   0.   1.   7.   0.   7.   0.   1.  10.]
 [  0.  16.  15.   1.   0.  13.   0.  10.   0.   0.]
 [  0.   0.   0.   0.   0.   0.   0.   0.   0.   0.]
 [  7.   1.   3.  16.   2.   1.   9.   3.   5.   4.]
 [  0.   0.   0.   0.   3.   0.   0.   0.   0.   0.]
 [  0.   0.   0.   0.   0.   0.   0.   0.   0.   0.]
 [  0.   0.   0.   0.   0.   0.   2.   0.   0.   0.]
 [  0.   1.   0.   0.   0.   4.   0.   5.   0.   0.]
 [  2.   0.   0.   0.   6.   0.   0.   0.  12.   0.]
 [  0.   0.   0.   0.   0.   0.   0.   0.   0.   4.]]

N = 7
Accuracy
0.39226519337
Precision: [0.33333333333333331, 0.29629629629629628, nan, 0.28333333333333333, 0.8571428571428571, 0.0, 1.0, 0.54545454545454541, 0.76470588235294112, 1.0]
Recall: [0.47368421052631576, 0.88888888888888884, 0.0, 0.94444444444444442, 0.33333333333333331, 0.0, 0.055555555555555552, 0.33333333333333331, 0.72222222222222221, 0.16666666666666666]
[[  9.   0.   0.   1.   5.   0.   5.   0.   1.   6.]
 [  0.  16.  14.   0.   0.  14.   0.  10.   0.   0.]
 [  0.   0.   0.   0.   0.   0.   0.   0.   0.   0.]
 [ 10.   1.   3.  17.   3.   1.  12.   1.   4.   8.]
 [  0.   0.   0.   0.   6.   0.   0.   0.   0.   1.]
 [  0.   0.   0.   0.   0.   0.   0.   1.   0.   0.]
 [  0.   0.   0.   0.   0.   0.   1.   0.   0.   0.]
 [  0.   1.   1.   0.   0.   3.   0.   6.   0.   0.]
 [  0.   0.   0.   0.   4.   0.   0.   0.  13.   0.]
 [  0.   0.   0.   0.   0.   0.   0.   0.   0.   3.]]

N = 8
Accuracy
0.403314917127
Precision: [0.31034482758620691, 0.30188679245283018, nan, 0.32692307692307693, 1.0, 0.59999999999999998, 1.0, 0.55555555555555558, 0.54545454545454541, 1.0]
Recall: [0.47368421052631576, 0.88888888888888884, 0.0, 0.94444444444444442, 0.22222222222222221, 0.16666666666666666, 0.16666666666666666, 0.27777777777777779, 0.66666666666666663, 0.22222222222222221]
[[  9.   0.   0.   1.   5.   0.   5.   0.   1.   8.]
 [  0.  16.  13.   0.   0.  14.   0.  10.   0.   0.]
 [  0.   0.   0.   0.   0.   0.   0.   0.   0.   0.]
 [  7.   1.   3.  17.   3.   0.  10.   1.   5.   5.]
 [  0.   0.   0.   0.   4.   0.   0.   0.   0.   0.]
 [  0.   0.   0.   0.   0.   3.   0.   2.   0.   0.]
 [  0.   0.   0.   0.   0.   0.   3.   0.   0.   0.]
 [  0.   1.   2.   0.   0.   1.   0.   5.   0.   0.]
 [  3.   0.   0.   0.   6.   0.   0.   0.  12.   1.]
 [  0.   0.   0.   0.   0.   0.   0.   0.   0.   4.]]

N = 9
Accuracy
0.419889502762
Precision: [0.37037037037037035, 0.34285714285714286, nan, 0.30188679245283018, 0.8571428571428571, 0.0, 1.0, 0.41935483870967744, 0.59999999999999998, 1.0]
Recall: [0.52631578947368418, 0.66666666666666663, 0.0, 0.88888888888888884, 0.33333333333333331, 0.0, 0.1111111111111111, 0.72222222222222221, 0.66666666666666663, 0.27777777777777779]
[[ 10.   0.   0.   1.   4.   0.   6.   0.   1.   5.]
 [  0.  12.  12.   0.   0.   8.   0.   3.   0.   0.]
 [  0.   0.   0.   0.   0.   0.   0.   0.   0.   0.]
 [  7.   1.   3.  16.   2.   1.  10.   1.   5.   7.]
 [  0.   0.   0.   0.   6.   0.   0.   0.   0.   1.]
 [  0.   0.   0.   0.   0.   0.   0.   1.   0.   0.]
 [  0.   0.   0.   0.   0.   0.   2.   0.   0.   0.]
 [  0.   5.   3.   1.   0.   9.   0.  13.   0.   0.]
 [  2.   0.   0.   0.   6.   0.   0.   0.  12.   0.]
 [  0.   0.   0.   0.   0.   0.   0.   0.   0.   5.]]

N = 10
Accuracy
0.370165745856
Precision: [0.38461538461538464, 0.30769230769230771, nan, 0.29032258064516131, 0.75, 0.0, 1.0, 0.44444444444444442, 0.625, 1.0]
Recall: [0.52631578947368418, 0.88888888888888884, 0.0, 1.0, 0.33333333333333331, 0.0, 0.055555555555555552, 0.22222222222222221, 0.55555555555555558, 0.1111111111111111]
[[ 10.   0.   0.   0.   6.   0.   3.   0.   1.   6.]
 [  0.  16.  14.   0.   0.  14.   0.   8.   0.   0.]
 [  0.   0.   0.   0.   0.   0.   0.   0.   0.   0.]
 [  7.   1.   3.  18.   2.   1.  14.   1.   5.  10.]
 [  0.   0.   0.   0.   6.   0.   0.   0.   2.   0.]
 [  0.   0.   0.   0.   0.   0.   0.   5.   0.   0.]
 [  0.   0.   0.   0.   0.   0.   1.   0.   0.   0.]
 [  0.   1.   1.   0.   0.   3.   0.   4.   0.   0.]
 [  2.   0.   0.   0.   4.   0.   0.   0.  10.   0.]
 [  0.   0.   0.   0.   0.   0.   0.   0.   0.   2.]]



Normalized 
N = 3
Accuracy
0.701657458564
Precision: [0.5, 0.58333333333333337, 0.90909090909090906, 0.68000000000000005, 1.0, 0.69999999999999996, 1.0, 0.56521739130434778, 0.77272727272727271, 0.84210526315789469]
Recall: [0.73684210526315785, 0.77777777777777779, 0.55555555555555558, 0.94444444444444442, 0.66666666666666663, 0.3888888888888889, 0.3888888888888889, 0.72222222222222221, 0.94444444444444442, 0.88888888888888884]
[[ 14.   0.   2.   0.   3.   0.   8.   0.   0.   1.]
 [  0.  14.   5.   0.   0.   4.   0.   1.   0.   0.]
 [  0.   1.  10.   0.   0.   0.   0.   0.   0.   0.]
 [  5.   0.   0.  17.   0.   0.   1.   1.   1.   0.]
 [  0.   0.   0.   0.  12.   0.   0.   0.   0.   0.]
 [  0.   1.   0.   0.   0.   7.   0.   2.   0.   0.]
 [  0.   0.   0.   0.   0.   0.   7.   0.   0.   0.]
 [  0.   1.   1.   1.   0.   6.   0.  13.   0.   1.]
 [  0.   1.   0.   0.   3.   1.   0.   0.  17.   0.]
 [  0.   0.   0.   0.   0.   0.   2.   1.   0.  16.]]

N = 4
Accuracy
0.701657458564
Precision: [0.44444444444444442, 0.56521739130434778, 0.92307692307692313, 0.58620689655172409, 1.0, 0.80000000000000004, 1.0, 0.65217391304347827, 0.80952380952380953, 0.875]
Recall: [0.63157894736842102, 0.72222222222222221, 0.66666666666666663, 0.94444444444444442, 0.55555555555555558, 0.44444444444444442, 0.5, 0.83333333333333337, 0.94444444444444442, 0.77777777777777779]
[[ 12.   1.   2.   0.   3.   0.   6.   0.   0.   3.]
 [  0.  13.   2.   1.   0.   5.   0.   1.   0.   1.]
 [  0.   1.  12.   0.   0.   0.   0.   0.   0.   0.]
 [  7.   0.   0.  17.   1.   0.   2.   1.   1.   0.]
 [  0.   0.   0.   0.  10.   0.   0.   0.   0.   0.]
 [  0.   2.   0.   0.   0.   8.   0.   0.   0.   0.]
 [  0.   0.   0.   0.   0.   0.   9.   0.   0.   0.]
 [  0.   1.   2.   0.   0.   5.   0.  15.   0.   0.]
 [  0.   0.   0.   0.   4.   0.   0.   0.  17.   0.]
 [  0.   0.   0.   0.   0.   0.   1.   1.   0.  14.]]

N = 5
Accuracy
0.71270718232
Precision: [0.5, 0.6470588235294118, 0.88235294117647056, 0.6071428571428571, 1.0, 0.66666666666666663, 1.0, 0.59999999999999998, 0.73913043478260865, 0.83333333333333337]
Recall: [0.52631578947368418, 0.61111111111111116, 0.83333333333333337, 0.94444444444444442, 0.66666666666666663, 0.44444444444444442, 0.5, 0.83333333333333337, 0.94444444444444442, 0.83333333333333337]
[[ 10.   0.   2.   0.   2.   0.   5.   0.   0.   1.]
 [  0.  11.   1.   1.   0.   3.   0.   0.   0.   1.]
 [  0.   2.  15.   0.   0.   0.   0.   0.   0.   0.]
 [  7.   0.   0.  17.   0.   0.   3.   0.   1.   0.]
 [  0.   0.   0.   0.  12.   0.   0.   0.   0.   0.]
 [  0.   2.   0.   0.   0.   8.   0.   2.   0.   0.]
 [  0.   0.   0.   0.   0.   0.   9.   0.   0.   0.]
 [  0.   2.   0.   0.   0.   7.   0.  15.   0.   1.]
 [  1.   1.   0.   0.   4.   0.   0.   0.  17.   0.]
 [  1.   0.   0.   0.   0.   0.   1.   1.   0.  15.]]

N = 6
Accuracy
0.723756906077
Precision: [0.54166666666666663, 0.5, 0.8666666666666667, 0.65384615384615385, 1.0, 0.69230769230769229, 1.0, 0.61111111111111116, 0.88888888888888884, 0.84210526315789469]
Recall: [0.68421052631578949, 0.66666666666666663, 0.72222222222222221, 0.94444444444444442, 0.77777777777777779, 0.5, 0.55555555555555558, 0.61111111111111116, 0.88888888888888884, 0.88888888888888884]
[[ 13.   0.   2.   0.   2.   0.   6.   0.   0.   1.]
 [  0.  12.   2.   1.   0.   4.   0.   4.   0.   1.]
 [  0.   2.  13.   0.   0.   0.   0.   0.   0.   0.]
 [  6.   1.   0.  17.   0.   0.   0.   0.   2.   0.]
 [  0.   0.   0.   0.  14.   0.   0.   0.   0.   0.]
 [  0.   2.   0.   0.   0.   9.   0.   2.   0.   0.]
 [  0.   0.   0.   0.   0.   0.  10.   0.   0.   0.]
 [  0.   1.   1.   0.   0.   5.   0.  11.   0.   0.]
 [  0.   0.   0.   0.   2.   0.   0.   0.  16.   0.]
 [  0.   0.   0.   0.   0.   0.   2.   1.   0.  16.]]

N = 7
Accuracy
0.696132596685
Precision: [0.52000000000000002, 0.48275862068965519, 0.90000000000000002, 0.62962962962962965, 1.0, 0.81818181818181823, 1.0, 0.57894736842105265, 0.75, 0.88235294117647056]
Recall: [0.68421052631578949, 0.77777777777777779, 0.5, 0.94444444444444442, 0.72222222222222221, 0.5, 0.55555555555555558, 0.61111111111111116, 0.83333333333333337, 0.83333333333333337]
[[ 13.   0.   2.   0.   2.   0.   6.   0.   0.   2.]
 [  0.  14.   6.   1.   0.   4.   0.   4.   0.   0.]
 [  0.   1.   9.   0.   0.   0.   0.   0.   0.   0.]
 [  6.   0.   0.  17.   0.   0.   1.   0.   3.   0.]
 [  0.   0.   0.   0.  13.   0.   0.   0.   0.   0.]
 [  0.   0.   0.   0.   0.   9.   0.   2.   0.   0.]
 [  0.   0.   0.   0.   0.   0.  10.   0.   0.   0.]
 [  0.   3.   1.   0.   0.   4.   0.  11.   0.   0.]
 [  0.   0.   0.   0.   3.   1.   0.   0.  15.   1.]
 [  0.   0.   0.   0.   0.   0.   1.   1.   0.  15.]]

N = 8
Accuracy
0.690607734807
Precision: [0.52631578947368418, 0.54545454545454541, 0.9285714285714286, 0.56666666666666665, 1.0, 0.66666666666666663, 0.91666666666666663, 0.52941176470588236, 0.72727272727272729, 0.82352941176470584]
Recall: [0.52631578947368418, 0.66666666666666663, 0.72222222222222221, 0.94444444444444442, 0.72222222222222221, 0.55555555555555558, 0.61111111111111116, 0.5, 0.88888888888888884, 0.77777777777777779]
[[ 10.   0.   2.   0.   0.   0.   5.   0.   0.   2.]
 [  0.  12.   2.   1.   0.   1.   0.   5.   0.   1.]
 [  0.   1.  13.   0.   0.   0.   0.   0.   0.   0.]
 [  8.   1.   0.  17.   1.   0.   0.   0.   2.   1.]
 [  0.   0.   0.   0.  13.   0.   0.   0.   0.   0.]
 [  0.   2.   0.   0.   0.  10.   0.   3.   0.   0.]
 [  1.   0.   0.   0.   0.   0.  11.   0.   0.   0.]
 [  0.   2.   1.   0.   0.   5.   0.   9.   0.   0.]
 [  0.   0.   0.   0.   4.   2.   0.   0.  16.   0.]
 [  0.   0.   0.   0.   0.   0.   2.   1.   0.  14.]]

N = 9
Accuracy
0.67955801105
Precision: [0.45000000000000001, 0.59999999999999998, 0.82352941176470584, 0.53125, 1.0, 0.69230769230769229, 0.83333333333333337, 0.61111111111111116, 0.72727272727272729, 0.875]
Recall: [0.47368421052631576, 0.66666666666666663, 0.77777777777777779, 0.94444444444444442, 0.61111111111111116, 0.5, 0.55555555555555558, 0.61111111111111116, 0.88888888888888884, 0.77777777777777779]
[[  9.   0.   2.   0.   2.   0.   5.   0.   0.   2.]
 [  0.  12.   2.   0.   0.   2.   0.   3.   0.   1.]
 [  0.   2.  14.   1.   0.   0.   0.   0.   0.   0.]
 [  9.   1.   0.  17.   1.   0.   2.   0.   2.   0.]
 [  0.   0.   0.   0.  11.   0.   0.   0.   0.   0.]
 [  0.   1.   0.   0.   0.   9.   0.   3.   0.   0.]
 [  1.   0.   0.   0.   0.   0.  10.   0.   0.   1.]
 [  0.   2.   0.   0.   0.   5.   0.  11.   0.   0.]
 [  0.   0.   0.   0.   4.   2.   0.   0.  16.   0.]
 [  0.   0.   0.   0.   0.   0.   1.   1.   0.  14.]]

N = 10
Accuracy
0.707182320442
Precision: [0.5, 0.55000000000000004, 0.83333333333333337, 0.6071428571428571, 0.92307692307692313, 0.70588235294117652, 0.90909090909090906, 0.7142857142857143, 0.72727272727272729, 0.83333333333333337]
Recall: [0.52631578947368418, 0.61111111111111116, 0.83333333333333337, 0.94444444444444442, 0.66666666666666663, 0.66666666666666663, 0.55555555555555558, 0.55555555555555558, 0.88888888888888884, 0.83333333333333337]
[[ 10.   0.   2.   0.   1.   0.   5.   0.   0.   2.]
 [  0.  11.   1.   0.   0.   2.   0.   5.   0.   1.]
 [  0.   2.  15.   1.   0.   0.   0.   0.   0.   0.]
 [  7.   1.   0.  17.   0.   0.   1.   0.   2.   0.]
 [  1.   0.   0.   0.  12.   0.   0.   0.   0.   0.]
 [  0.   3.   0.   0.   0.  12.   0.   2.   0.   0.]
 [  1.   0.   0.   0.   0.   0.  10.   0.   0.   0.]
 [  0.   1.   0.   0.   0.   3.   0.  10.   0.   0.]
 [  0.   0.   0.   0.   5.   1.   0.   0.  16.   0.]
 [  0.   0.   0.   0.   0.   0.   2.   1.   0.  15.]]